
<!DOCTYPE html> 
<html>
 <head> <meta charset='utf-8' /> 
 <title>
 </title> <meta name='viewport' content='initial-scale=1,maximum-scale=1,user-scalable=no' />
 <script src="svg.js"></script>
<link rel=¨stylesheet¨ type=¨text/css¨ href=¨svg.css¨>



<svg xmlns="http://www.w3.org/2000/svg"  viewBox="-77.2671 -77.2671 14335.9 14643.05">

<g fill="none" stroke="black" stroke-width="15.0772670500000007" transform="translate(0,6488.52) scale(1, -1)">

<g id="locality_boundaries" >

<a target="_top" xlink:href="https://www.towerhamlets.gov.uk/Documents/Public-Health/JSNA/LBTH_NE_LOCALITY_PROFILE.pdf"><path Locality="North East" class="enabled" fill="#D3D3D3" stroke="#ffffff" d="M 1797.46,5368.48 l 27.7036,110.398 65.5987,54.1036 104.706,4.2015 113.701,-79.9048 96.6996,-15.3933 147.003,42.0018 55.0037,67.3026 34.4978,9.4982 138.099,110.513 285.005,449.503 -43.0977,39.2079 127.406,139.305 90.6975,73.7024 85.3046,115.701 23.9027,-4.5981 139.994,-123.702 103.707,-47.594 34.6955,-83.0962 171.508,74.2045 50.7984,30.2032 9.7953,22.7941 18.6999,-13.6957 423.306,51.6079 184.904,-20.5917 35.7009,-90.8047 -26.203,-115.599 -18.0979,-28.3023 -65.9028,-38.0001 -6.5962,-83.9071 -69.4076,-94.0957 -32.1977,-119.608 -112.497,-107.404 -3.1005,-91.795 21.899,-33.3003 50.9962,-24.3019 57.6005,-86.5949 29.8059,-118.807 70.1986,-92.603 -14.5037,-91.3948 57.5995,-105.8 68.9038,-53.3044 133.1,-62.2913 43.8966,-50.6055 212.302,-53.6927 52.694,-110.009 115.604,-99.691 81.997,-162.004 -32.3957,-116.899 -5.6079,-126.406 -64.3958,-159.608 -170.808,-195.599 -797.019,-554.718 -19.8967,-59.3053 24.2984,-7.2979 -25.8997,-81.7995 -7.6024,-23.4041 -24.2985,7.198 -23.0053,-72.8017 178.005,4.6 5.1997,-162.999 134.496,-0.1996 -64.4969,-165.909 -507.712,107.202 -131.798,52.8958 -96.5019,-11.4973 -344.203,21.6031 23.0963,97.2939 149.614,302.111 2.9942,68.7017 -25.0975,56.9044 -134.394,148.196 -14.5028,35.4998 -38.3898,473.305 -37.5056,112.598 -156.993,223.094 -201.904,416.297 -70.4949,111.196 -237.302,176.994 -458.909,230.997 z "/></a>

<a target="_top" xlink:href="https://www.towerhamlets.gov.uk/Documents/Public-Health/JSNA/LBTH_NW_LOCALITY_PROFILE.pdf"><path Locality="North West" class="enabled" fill="#D3D3D3" stroke="#ffffff" d="M 391.7,3052.81 l -204.001,232.601 -97.5962,206.306 3.002,55.6047 -93.1054,-16.1034 42.1034,245.302 31.9021,91.4042 104.303,42.5958 18.906,-21.6945 18.0985,15.9952 25.8999,114.898 -13.3969,126.906 -36.5017,-4.7977 -19.4967,233.296 20.0043,84.9053 -65.5082,14.9975 105.904,124.801 67.4074,157.393 59.2018,62.6 146.709,68.695 368.11,43.4852 75.4971,223.602 12.0044,-35 189.204,43.5918 -45.7023,153.196 -1.\a8964,39.6084 24.8016,59.0921 53.9979,-24.0944 88.9003,-104.402 77.3073,-23.9051 85.8987,14.1934 233.604,112.701 130.2,-22.1071 458.909,-230.997 237.302,-176.994 70.4949,-111.196 201.904,-416.297 156.993,-223.094 -137.598,-111 -124.71,-68.702 -130.003,-45.4086 -199.6,-42.3003 -1260.43,-458.588 -202.009,-103.598 -213.207,-161.102 -263.809,-166.388 z  "/></a>

<a target="_top" xlink:href="https://www.towerhamlets.gov.uk/Documents/Public-Health/JSNA/LBTH_SE_LOCALITY_PROFILE.pdf"><path Locality="South East" class="enabled" fill="#D3D3D3" stroke="#ffffff" d="M 4932.89,4216.93 l 17.5034,-113.1 -30.2019,-3.0994 -14.1002,-109.711 -50.6993,-1.5 20.8018,-66.592 -6.6059,-148.81 11.0977,-22.9939 118.803,-89.4057 50.6,-64.1028 26.7961,-59.8941 5.0036,-91.6068 17.7013,-44.1996 50.0969,-25.704 69.0042,23.4044 57.5041,130.398 51.994,24.5037 193.897,-139.708 189.205,-105.71 37.6954,-37.902 24.4942,-79.602 -71.1996,-163.51 -45.9041,-173.009 -4.7008,-49.5984 37.2005,-51.4088 97.4975,-11.699 54.3026,30.1019 40.7002,120.901 32.3087,212.21 39.7997,36.9004 44.9929,-9.9986 29.4997,-50.6087 12.0031,-77.5019 -52.0049,-160.901 -60.0013,-93.9068 -1.6007,-53.6073 55.9001,-60.297 164.299,-39.7035 34.7921,-65.504 -8.0988,-68.9022 -25.2974,-49.3069 -131.004,49.4092 -69.1005,44.2998 -14.8004,-16.5955 -133.792,31.4942 -17.6045,-43.5987 -26.3999,26.0038 -13.7037,-15.2059 -99.8975,-13.8951 -239.9,-78.497 -49.1006,-36.7003 -177.209,-227.012 -21.4945,18.9057 12.5976,-37.301 -13.6054,-38.1005 -68.9969,-78.7097 24.3967,-23.4946 4.0971,-29.0029 -12.5979,26.4037 -22.8969,-14.8061 -28.7028,-65.5034 -18.0027,-156.102 -68.0058,-17.3048 -0.8993,-26.6934 62.7029,-32.7027 42.892,-279.306 19.8954,3.3989 44.1978,-146.301 58.3963,-125.106 -38.1006,-17.3951 0.7992,-16.9054 54.6948,-100.103 18.502,7.3979 11.6001,-21.2943 16.3006,5.0985 111.49,-263.009 13.1986,-74.0001 1.5961,-145.101 -34.4012,-136.903 -54.4021,-79.4986 -45.6928,37.0001 -11.5021,-13.1964 47.4985,-36.8002 -127.099,-116.509 -228.404,-91.9955 -31.8993,18.0952 2.0029,-25.3032 -53.7987,-14.8961 -134.905,-22.1042 -17.3963,29.6022 4.1961,-32.4015 -149.3,0.1 -243.094,60.6046 -180.897,88.8098 -111.901,89.7983 -141.896,163.61 -105.996,208.807 -77.5005,227.002 80.4979,17.2038 0.4044,24.8935 -102.199,12.1091 -9.2013,16.1959 14.8065,370.213 -9.1931,472.707 24.3997,129.406 17.8018,23.3037 -32.7987,33.7018 -48.5945,145.603 -43.7063,73.9014 2.4064,-67.7025 -13.9014,-6.5981 -21.7005,44.4987 13.1017,7.5978 11.1965,-18.6952 8.3038,52.5962 -97.9991,171.306 -19.5492,13.4567 -23.3505,-22.954 -79.4001,61.6043 110.801,119.398 -108.903,-52.096 -6.0029,-25.8031 -74.0004,1.4999 -41.2997,25.5034 5.8049,14.796 -16.0041,-6.4981 -177.897,60.9041 -14.5029,30.202 -18.7993,-20.5045 -74.8991,19.3048 42.6945,48.397 -5.895,18.895 -62.1038,-61.8934 -31.3974,17.2953 -170.007,17.2055 -96.8976,-9.6073 -5.4,34.0006 29.7983,18.705 -12.0947,58.704 98.9015,27.9925 50.8983,39.4094 37.8051,55.2951 11.6025,97.8036 170.601,-6.6977 344.203,-21.6031 96.5019,11.4973 131.798,-52.8958 507.712,-107.202 64.4969,165.909 -134.496,0.1996 -5.1997,162.999 -178.005,-4.6 23.0053,72.8017 24.2985,-7.198 7.6024,23.4041 25.8997,81.7995 -24.2984,7.2979 19.8967,59.3053 797.019,554.718 170.808,195.599 64.3958,159.608 z  "/></a>

<a target="_top" xlink:href="https://www.towerhamlets.gov.uk/Documents/Public-Health/JSNA/LBTH_SW_LOCALITY_PROFILE.pdf"><path Locality="South West"  class="enabled" fill="#D3D3D3" stroke="#ffffff" d="M 2923.07,4209.9 l 37.5056,-112.598 38.3898,-473.305 14.5028,-35.4998 134.394,-148.196 25.0975,-56.9044 -2.9942,-68.7017 -149.614,-302.111 -23.0963,-97.2939 -170.601,6.6977 -11.6025,-97.8036 -37.8051,-55.2951 -50.8983,-39.4094 -98.9015,-27.9925 12.0947,-58.704 -29.7983,-18.705 5.4,-34.0006 -126.102,-13.1964 -146.303,-39.1991 -207.707,-158.006 -41.8029,9.7074 -4.494,-21.504 26.3927,-5.9984 -42.1004,-33.2007 -28.0995,5.8984 -0.0004,-22.9036 -61.4032,-77.3983 -67.3972,-61.5024 -25.0985,-0.5996 -22.7076,-22.4936 9.9024,-10.907 -127.803,-119.696 -7.198,7.1981 -103.306,-139.6 -97.2036,-62.102 -60.8005,-24.7927 -113.998,-14.6051 -156.205,22.6049 -13.497,23.9035 -24.307,-11.4067 -339.099,130.407 0.5944,57.1043 -48.3012,-48.1061 -147.597,66.6047 -7.2065,-12.3966 -79.6974,63.4043 -19.2027,38.8996 -25.3954,-12.0061 0.396,14.8059 -53.198,24.4044 -20.5966,-9.707 -63.0014,26.2042 6.0934,19.1046 -285.803,95.3999 -56.298,33.4022 42.8026,110.699 -26.904,24.9039 14.001,39.7988 25.4036,4.1983 48.4005,75.9082 60.0996,12.5952 0.8003,32.4012 42.2074,5.4976 15.3932,-48.2972 20.8028,2.9987 14.7996,-41.6989 51.3022,28.4911 127.603,15.7029 14.0007,21.8937 -51.1982,340.608 -43.4013,119.308 263.809,166.388 213.207,161.102 202.009,103.598 1260.43,458.588 199.6,42.3003 130.003,45.4086 124.71,68.702 137.598,111 z "/></a>


</g>
</g>
</svg>

<div class="description"></div>

</html>


